+----+------------+------+----------------+-----------------+
| id | airline_id | code | depart_city_id | arrival_city_id |
+----+------------+------+----------------+-----------------+
| 1  | 3          | 198  | 1              | 2               |
| 2  | 1          | 1220 | 1              | 3               |
| 3  | 1          | 668  | 1              | 3               |
| 4  | 1          | 672  | 1              | 3               |
| 5  | 3          | 398  | 1              | 3               |
| 6  | 3          | 394  | 1              | 3               |
| 7  | 1          | 3485 | 1              | 5               |
| 8  | 1          | 1083 | 1              | 5               |
| 9  | 3          | 2301 | 1              | 5               |
| 10 | 3          | 2311 | 1              | 5               |
| 11 | 1          | 715  | 1              | 6               |
| 12 | 1          | 1141 | 1              | 6               |
| 13 | 3          | 2245 | 1              | 6               |
| 14 | 3          | 1399 | 1              | 6               |
| 15 | 3          | 119  | 2              | 5               |
| 16 | 3          | 65   | 2              | 5               |
| 17 | 2          | 2916 | 2              | 5               |
| 18 | 2          | 2101 | 2              | 4               |
| 19 | 2          | 2892 | 2              | 4               |
| 20 | 1          | 821  | 2              | 6               |
| 21 | 2          | 469  | 2              | 6               |
| 22 | 3          | 59   | 2              | 6               |
| 23 | 3          | 301  | 3              | 1               |
| 24 | 1          | 635  | 3              | 1               |
| 25 | 2          | 5931 | 3              | 1               |
| 26 | 3          | 1103 | 3              | 6               |
| 27 | 2          | 5997 | 3              | 5               |
| 28 | 3          | 1107 | 3              | 5               |
| 29 | 1          | 3475 | 4              | 1               |
| 30 | 2          | 1399 | 4              | 1               |
| 31 | 2          | 3476 | 4              | 2               |
| 32 | 2          | 996  | 4              | 2               |
| 33 | 3          | 1241 | 4              | 5               |
| 34 | 2          | 3363 | 4              | 5               |
| 35 | 3          | 2215 | 4              | 5               |
| 36 | 2          | 1172 | 4              | 6               |
| 37 | 2          | 2027 | 4              | 6               |
| 38 | 3          | 2328 | 5              | 1               |
| 39 | 1          | 3514 | 5              | 1               |
| 40 | 1          | 3474 | 5              | 1               |
| 41 | 2          | 3324 | 5              | 2               |
| 42 | 3          | 116  | 5              | 2               |
| 43 | 3          | 1100 | 5              | 3               |
| 44 | 2          | 5777 | 5              | 3               |
| 45 | 2          | 1439 | 5              | 4               |
| 46 | 3          | 43   | 5              | 4               |
| 47 | 1          | 1042 | 5              | 6               |
| 48 | 3          | 1521 | 5              | 6               |
| 49 | 3          | 1677 | 5              | 6               |
| 50 | 3          | 1494 | 6              | 1               |
| 51 | 1          | 734  | 6              | 1               |
| 52 | 1          | 688  | 6              | 1               |
| 53 | 2          | 1859 | 6              | 2               |
| 54 | 3          | 24   | 6              | 2               |
| 55 | 1          | 808  | 6              | 2               |
| 56 | 2          | 854  | 6              | 4               |
| 57 | 2          | 1420 | 6              | 4               |
| 58 | 2          | 1303 | 6              | 4               |
| 59 | 3          | 1052 | 6              | 5               |
| 60 | 3          | 1544 | 6              | 5               |
| 61 | 1          | 452  | 6              | 5               |
+----+------------+------+----------------+-----------------+
61 rows in set
